1690148445
-1935785611
809223292
972549111
-1419241552
-1778281434
-344389896
652780458
2038369621
-1277019596
-1633477539
1987896122
1963328048
2032774514
64554889
-1825740926
746534590
-526547781
473279212
362094042
-1613791586
-1788480218
488211379
-936891803
-229938606
249475704
1957851944
-198934617
1774635334
1823531738
-1813235112
-1623467175
1418446864
1156323787
293243893
-1189069696
-760271112
650088023
-916989826
-652663109
-1836350277
-2133589879
-735954788
-682015011
478484876
-1520827875
879892943
-651080517
1540701787
-2031643015
1809617225
-71954874
960179288
1803247070
2014148889
-1556264997
-1386913606
-1783971878
277068684
678792665
55472316
-630994687
289173711
-1961671820
-1246455321
1258467292
1681896153
2002102984
2130940566
-1023003360
768363399
340025904
-908304713
-173190366
-1693605624
498524889
-1973474098
-310644598
1008305274
-197340015
-556302529
625707590
-307640619
-686339356
1378559436
57149634
-807421944
115359593
-1300182181
-1970785195
-878840735
1266605401
-1701110788
1031044350
-1981340623
1255961184
-927873237
539363663
913740207
1622612151
